christian@DESKTOP-V19K0M2:~$ python3
Python 3.6.5 (default, Apr  1 2018, 05:46:30)
[GCC 7.3.0] on linux
Type "help", "copyright", "credits" or "license" for more information.
>>> sum = 0
>>> for x in range(1,1000):
...  if x % 3 == 0 or x % 5 == 0:
...   sum += x
...  print(sum)
...
0
0
3
3
8
14
14
14
23
33
33
45
45
45
60
60
60
78
78
98
119
119
119
143
168
168
195
195
195
225
225
225
258
258
293
329
329
329
368
408
408
450
450
450
495
495
495
543
543
593
644
644
644
698
753
753
810
810
810
870
870
870
933
933
998
1064
1064
1064
1133
1203
1203
1275
1275
1275
1350
1350
1350
1428
1428
1508
1589
1589
1589
1673
1758
1758
1845
1845
1845
1935
1935
1935
2028
2028
2123
2219
2219
2219
2318
2418
2418
2520
2520
2520
2625
2625
2625
2733
2733
2843
2954
2954
2954
3068
3183
3183
3300
3300
3300
3420
3420
3420
3543
3543
3668
3794
3794
3794
3923
4053
4053
4185
4185
4185
4320
4320
4320
4458
4458
4598
4739
4739
4739
4883
5028
5028
5175
5175
5175
5325
5325
5325
5478
5478
5633
5789
5789
5789
5948
6108
6108
6270
6270
6270
6435
6435
6435
6603
6603
6773
6944
6944
6944
7118
7293
7293
7470
7470
7470
7650
7650
7650
7833
7833
8018
8204
8204
8204
8393
8583
8583
8775
8775
8775
8970
8970
8970
9168
9168
9368
9569
9569
9569
9773
9978
9978
10185
10185
10185
10395
10395
10395
10608
10608
10823
11039
11039
11039
11258
11478
11478
11700
11700
11700
11925
11925
11925
12153
12153
12383
12614
12614
12614
12848
13083
13083
13320
13320
13320
13560
13560
13560
13803
13803
14048
14294
14294
14294
14543
14793
14793
15045
15045
15045
15300
15300
15300
15558
15558
15818
16079
16079
16079
16343
16608
16608
16875
16875
16875
17145
17145
17145
17418
17418
17693
17969
17969
17969
18248
18528
18528
18810
18810
18810
19095
19095
19095
19383
19383
19673
19964
19964
19964
20258
20553
20553
20850
20850
20850
21150
21150
21150
21453
21453
21758
22064
22064
22064
22373
22683
22683
22995
22995
22995
23310
23310
23310
23628
23628
23948
24269
24269
24269
24593
24918
24918
25245
25245
25245
25575
25575
25575
25908
25908
26243
26579
26579
26579
26918
27258
27258
27600
27600
27600
27945
27945
27945
28293
28293
28643
28994
28994
28994
29348
29703
29703
30060
30060
30060
30420
30420
30420
30783
30783
31148
31514
31514
31514
31883
32253
32253
32625
32625
32625
33000
33000
33000
33378
33378
33758
34139
34139
34139
34523
34908
34908
35295
35295
35295
35685
35685
35685
36078
36078
36473
36869
36869
36869
37268
37668
37668
38070
38070
38070
38475
38475
38475
38883
38883
39293
39704
39704
39704
40118
40533
40533
40950
40950
40950
41370
41370
41370
41793
41793
42218
42644
42644
42644
43073
43503
43503
43935
43935
43935
44370
44370
44370
44808
44808
45248
45689
45689
45689
46133
46578
46578
47025
47025
47025
47475
47475
47475
47928
47928
48383
48839
48839
48839
49298
49758
49758
50220
50220
50220
50685
50685
50685
51153
51153
51623
52094
52094
52094
52568
53043
53043
53520
53520
53520
54000
54000
54000
54483
54483
54968
55454
55454
55454
55943
56433
56433
56925
56925
56925
57420
57420
57420
57918
57918
58418
58919
58919
58919
59423
59928
59928
60435
60435
60435
60945
60945
60945
61458
61458
61973
62489
62489
62489
63008
63528
63528
64050
64050
64050
64575
64575
64575
65103
65103
65633
66164
66164
66164
66698
67233
67233
67770
67770
67770
68310
68310
68310
68853
68853
69398
69944
69944
69944
70493
71043
71043
71595
71595
71595
72150
72150
72150
72708
72708
73268
73829
73829
73829
74393
74958
74958
75525
75525
75525
76095
76095
76095
76668
76668
77243
77819
77819
77819
78398
78978
78978
79560
79560
79560
80145
80145
80145
80733
80733
81323
81914
81914
81914
82508
83103
83103
83700
83700
83700
84300
84300
84300
84903
84903
85508
86114
86114
86114
86723
87333
87333
87945
87945
87945
88560
88560
88560
89178
89178
89798
90419
90419
90419
91043
91668
91668
92295
92295
92295
92925
92925
92925
93558
93558
94193
94829
94829
94829
95468
96108
96108
96750
96750
96750
97395
97395
97395
98043
98043
98693
99344
99344
99344
99998
100653
100653
101310
101310
101310
101970
101970
101970
102633
102633
103298
103964
103964
103964
104633
105303
105303
105975
105975
105975
106650
106650
106650
107328
107328
108008
108689
108689
108689
109373
110058
110058
110745
110745
110745
111435
111435
111435
112128
112128
112823
113519
113519
113519
114218
114918
114918
115620
115620
115620
116325
116325
116325
117033
117033
117743
118454
118454
118454
119168
119883
119883
120600
120600
120600
121320
121320
121320
122043
122043
122768
123494
123494
123494
124223
124953
124953
125685
125685
125685
126420
126420
126420
127158
127158
127898
128639
128639
128639
129383
130128
130128
130875
130875
130875
131625
131625
131625
132378
132378
133133
133889
133889
133889
134648
135408
135408
136170
136170
136170
136935
136935
136935
137703
137703
138473
139244
139244
139244
140018
140793
140793
141570
141570
141570
142350
142350
142350
143133
143133
143918
144704
144704
144704
145493
146283
146283
147075
147075
147075
147870
147870
147870
148668
148668
149468
150269
150269
150269
151073
151878
151878
152685
152685
152685
153495
153495
153495
154308
154308
155123
155939
155939
155939
156758
157578
157578
158400
158400
158400
159225
159225
159225
160053
160053
160883
161714
161714
161714
162548
163383
163383
164220
164220
164220
165060
165060
165060
165903
165903
166748
167594
167594
167594
168443
169293
169293
170145
170145
170145
171000
171000
171000
171858
171858
172718
173579
173579
173579
174443
175308
175308
176175
176175
176175
177045
177045
177045
177918
177918
178793
179669
179669
179669
180548
181428
181428
182310
182310
182310
183195
183195
183195
184083
184083
184973
185864
185864
185864
186758
187653
187653
188550
188550
188550
189450
189450
189450
190353
190353
191258
192164
192164
192164
193073
193983
193983
194895
194895
194895
195810
195810
195810
196728
196728
197648
198569
198569
198569
199493
200418
200418
201345
201345
201345
202275
202275
202275
203208
203208
204143
205079
205079
205079
206018
206958
206958
207900
207900
207900
208845
208845
208845
209793
209793
210743
211694
211694
211694
212648
213603
213603
214560
214560
214560
215520
215520
215520
216483
216483
217448
218414
218414
218414
219383
220353
220353
221325
221325
221325
222300
222300
222300
223278
223278
224258
225239
225239
225239
226223
227208
227208
228195
228195
228195
229185
229185
229185
230178
230178
231173
232169
232169
232169
233168
